84 79 80 32 83 69 67 82 69 84 58 10
84 104 101 32 109 111 110 111 116 111 110 105 97 110 115 32 97 114 101 32 105 109 109 117 110 101 32 116 111 32 109 111 115 116 32 116 104 105 110 103 115 44 32 97 108 109 111 115 116 32 105 110 118 105 110 99 105 98 108 101 32 45 32 10
116 104 101 114 101 32 105 115 32 104 111 119 101 118 101 114 44 32 111 110 108 121 32 111 110 101 32 99 97 116 99 104 121 32 40 97 110 100 32 98 121 32 99 97 116 99 104 121 32 119 101 32 109 101 97 110 32 116 111 114 116 117 114 111 117 115 41 32 10
116 117 110 101 32 116 104 97 116 32 119 104 101 110 32 102 101 100 32 105 110 116 111 32 116 104 101 105 114 32 99 111 109 112 117 116 101 114 115 32 119 105 108 108 32 115 116 111 112 32 116 104 101 109 32 102 111 114 32 103 111 111 100 32 10
97 110 100 32 115 101 110 100 32 116 104 101 109 32 98 97 99 107 32 116 111 32 116 104 101 105 114 32 112 108 97 110 101 116 32 77 111 110 111 116 111 110 101 46 46 46 32 104 101 114 101 32 105 116 32 105 115 46 46 46 32 10
121 111 117 32 107 110 111 119 32 119 104 97 116 32 116 111 32 100 111 32 119 105 116 104 32 116 104 105 115 46 46 46 32 103 111 111 100 32 108 117 99 107 33 32 32 10
10
78 101 118 101 114 32 103 111 110 110 97 32 103 105 118 101 32 121 111 117 32 117 112 10
78 101 118 101 114 32 103 111 110 110 97 32 108 101 116 32 121 111 117 32 100 111 119 110 10
78 101 118 101 114 32 103 111 110 110 97 32 114 117 110 32 97 114 111 117 110 100 32 97 110 100 32 100 101 115 101 114 116 32 121 111 117 10
78 101 118 101 114 32 103 111 110 110 97 32 109 97 107 101 32 121 111 117 32 99 114 121 10
78 101 118 101 114 32 103 111 110 110 97 32 115 97 121 32 103 111 111 100 98 121 101 10
78 101 118 101 114 32 103 111 110 110 97 32 116 101 108 108 32 97 32 108 105 101 32 97 110 100 32 104 117 114 116 32 121 111 117 10
10
65 32 115 111 110 103 32 98 121 32 82 105 99 107 32 65 115 116 108 101 121 32 45 32 78 101 118 101 114 32 71 111 110 110 97 32 71 105 118 101 32 89 111 117 32 85 112 46 10
10
84 104 97 116 39 115 32 114 105 103 104 116 46 46 46 32 121 111 117 39 118 101 32 98 101 101 110 32 114 105 99 107 114 111 108 108 101 100 33 32 58 68 10
104 116 116 112 115 58 47 47 101 110 46 119 105 107 105 112 101 100 105 97 46 111 114 103 47 119 105 107 105 47 82 105 99 107 114 111 108 108 105 110 103 10
10
84 114 97 103 105 99 44 32 121 101 115 46 46 46 32 115 111 114 114 121 32 97 98 111 117 116 32 116 104 97 116 33 32 32 59 41 10
